150.876
171.45
157.226
164.846
162.814
156.21
158.75
153.67
164.084
166.37
148.59
158.496
160.528
159.766
160.02
156.972
166.624
161.29
162.052
157.988
165.1
161.29
164.846
157.988
153.416
181.864
170.688
176.784
167.894
150.622
163.322
180.086
164.338
150.368
164.338
161.036
150.114
143.764
168.91
162.306
153.924
162.052
154.686
149.352
149.098
162.814
155.956
169.926
152.4
149.098
176.022
162.052
149.098
169.672
164.846
159.766
159.766
166.116
155.956
149.352
175.768
168.656
171.958
156.718
174.498
177.292
155.702
160.782
164.846
164.338
155.194
166.37
147.066
147.574
169.418
165.1
159.766
161.036
153.924
158.496
153.924
160.274
152.908
157.48
167.894
167.386
155.448
158.75
140.208
166.37
152.4
150.368
168.402
166.878
167.64
165.862
158.242
177.292
158.75
171.45
